   1.8999999999999999       -1.8093945312499999       4.49279602099322620E-002  0.93828404017857148       1.93696155813681756E-002   2.0669661272322628       0.20220335576655807     
   1.9099999999999999       -1.8041992187500000       4.59901990459953558E-002  0.93606445312499997       2.00451834372417093E-002   2.1658607700892389       0.21542031629814315     
   1.9199999999999999       -1.7972070312499999       4.59085742273429992E-002  0.93301757812499997       1.98305172991358643E-002   2.1581795200895613       0.20973302205404093     
   1.9299999999999999       -1.7915345982142856       4.82541361824205609E-002  0.93126255580357142       2.19871010396378470E-002   2.3843447385206673       0.25649481596802981     
   1.9399999999999999       -1.7849693080357143       4.85071811187283569E-002  0.92817522321428569       2.25797924252788343E-002   2.4094173389671596       0.26911513123295244     
   1.9500000000000000       -1.7807672991071428       4.95699917210897095E-002  0.92644670758928571       2.34204318016161608E-002   2.5161564971303960       0.28804155117576069     
   1.9600000000000000       -1.7754268973214287       4.96328639825308268E-002  0.92434570312499997       2.33040450976629496E-002   2.5225432955990073       0.28373081752236856     
   1.9700000000000000       -1.7642578124999999       4.96346888629184621E-002  0.91913504464285711       2.44638325606515231E-002   2.5227287946431716       0.31108761524920198     
   1.9800000000000000       -1.7591964285714285       5.24388497487336819E-002  0.91698660714285718       2.62734978050507481E-002   2.8158289540815531       0.35700192292822958     
   1.9900000000000000       -1.7504380580357144       5.14227375627142672E-002  0.91389927455357145       2.47498791482699612E-002   2.7077610889664356       0.31520496195098668     
   2.0000000000000000       -1.7435463169642857       5.27545837571432447E-002  0.91073242187500003       2.63421241764080598E-002   2.8498392139667885       0.35528064313615459     
   2.0099999999999998       -1.7377873883928572       5.35739041437625352E-002  0.90792550223214286       2.75638222963969746E-002   2.9390471221299777       0.38706400138181468     
   2.0200000000000000       -1.7300027901785715       5.47571184029211136E-002  0.90376395089285710       2.92032436351328945E-002   3.0703022241705185       0.43232541848734662     
   2.0299999999999998       -1.7200418526785715       5.72835165838228369E-002  0.89927873883928566       3.18855092773568174E-002   3.3601549027421242       0.51285032449332091     
   2.0400000000000000       -1.7146735491071428       5.81574475963755055E-002  0.89646065848214285       3.25869657881430463E-002   3.4634636399873671       0.53303734677464110     
   2.0499999999999998       -1.7078543526785714       5.88138388188223643E-002  0.89310407366071431       3.45820339638161986E-002   3.5420852598849706       0.59737516235528110     
   2.0600000000000001       -1.6983761160714286       6.05150815039932552E-002  0.88921595982142854       3.38419762845560343E-002   3.7499648915813850       0.56930391429937865     
   2.0699999999999998       -1.6885016741071428       6.26742254729280995E-002  0.88121791294642859       4.29316316361218683E-002   4.0223319435585836       0.91176811343874975     
   2.0800000000000001       -1.6850111607142857       6.19385415721063898E-002  0.88175781249999996       3.83358672195056316E-002   3.9284561224494610       0.72351444453984792     
   2.0899999999999999       -1.6708147321428573       6.16097712301617584E-002  0.87326729910714285       4.30369337957194203E-002   3.8868622448976566       0.90747843762202274     
   2.1000000000000001       -1.6615039062500001       6.35114829255003649E-002  0.86920479910714288       4.35900348717942407E-002   4.1305174665176310       0.92652063213677138     
   2.1099999999999999       -1.6495870535714285       6.70173394746345213E-002  0.86149972098214289       4.69676874266321889E-002   4.5991155612246075        1.0705719384354326     
   2.1200000000000001       -1.6435016741071429       6.71348993171306391E-002  0.85835797991071427       4.61569408593641081E-002   4.6152649792729790        1.0290539179446752     
   2.1299999999999999       -1.6326255580357143       6.70858568498709784E-002  0.85362165178571425       4.75543072892562479E-002   4.6085244818241335        1.0871765413912087     
   2.1399999999999997       -1.6214787946428570       6.85099105541605580E-002  0.84347656250000003       5.52612244363054478E-002   4.8062544323984184        1.4612589702936991     
   2.1499999999999999       -1.6041378348214286       7.26964773853999574E-002  0.82960239955357140       6.62199482200653139E-002   5.4116124920278708        2.0885225578058453     
   2.1600000000000001       -1.5980217633928571       7.56095272043234151E-002  0.82215680803571434       0.80631484119187768        5.8540038185587946        3.5666176503152904     
   2.1699999999999999       -1.5812500000000000       7.92714431860500890E-002  0.80757114955357145       9.13603200825477274E-002   6.4347767857143481        3.9387230781749443     
   2.1799999999999997       -1.5763337053571429       7.48352855774891135E-002  0.81679547991071433       6.39255966718266927E-002   5.7347276466834955        1.9195217778373570     
   2.1899999999999999       -1.5603962053571430       8.13187807919198563E-002  0.80019949776785715       7.65637953147001865E-002   6.7714499681119378        2.7409603228598622     
   2.1999999999999997       -1.5515904017857143       7.99094429128079653E-002  0.79614397321428576       7.34446211826979278E-002   6.5387715242345630        2.5107141262754920     
   2.2100000000000000       -1.5395479910714285       7.84971864375371142E-002  0.78542550223214280       7.94161992562148894E-002   6.3096916772960867        2.9223072801837526     
   2.2199999999999998       -1.5182366071428572       8.20236907352776823E-002  0.75808454241071432       0.10697092134402872        6.8893551020405539        5.2781102186968250     
   2.2300000000000000       -1.5091462053571429       8.40383960619488363E-002  0.76008928571428569       9.43030266328760830E-002   7.2319508609689365        4.0836297273954436     
   2.2399999999999998       -1.4874469866071429       9.26166816032829993E-002  0.72612165178571431       0.70077734788841028        8.7837181042727934        8.7286983247540419     
   2.2500000000000000       -1.4689676339285713       8.77768145994853172E-002  0.71131138392857141       0.12369431664057361        7.8896836415819962        6.9633292375283418     
   2.2599999999999998       -1.4502873883928571       9.24215437478291685E-002  0.67790039062499996       0.68102844265943741        8.7467435507014670        11.653070782879679     
   2.2700000000000000       -1.4126032366071428       0.10045583223436184       0.61396205357142852       0.63111745777667294        10.333567211415811        15.372775105636981     
   2.2799999999999998       -1.4164955357142857       9.78411680354845242E-002  0.63867885044642858       0.56783642197408690        9.8026436224490681        14.797615354478548     
   2.2900000000000000       -1.3957449776785715       9.75917107766023501E-002  0.60110770089285714       0.45364548661926724        9.7527214205993022        17.439471509195940     
   2.2999999999999998       -1.3877678571428571       9.50580148531362384E-002  0.61074637276785715       0.45003120893482257        9.2528908163267261        12.717695547325583     
   2.3100000000000001       -1.3480161830357142       0.10270249590107013       0.51528878348214291       0.54516111665204270        10.800949928252749        23.129835721981564     
   2.3199999999999998       -1.3397963169642857       9.70972165111271546E-002  0.51692661830357145       0.53375308503155172        9.6541383211097127        18.118278582664875     
   2.3300000000000001       -1.3233091517857143       9.75858054277775611E-002  0.48754882812500000       0.46873211991028801        9.7515411670917729        20.679711599718352     
   2.3399999999999999       -1.2998242187500000       9.38106066304964653E-002  0.44900948660714285       0.49592630792092884        9.0116402343749087        19.409710213211895     
   2.3500000000000001       -1.2922433035714285       9.19552273462283243E-002  0.44029157366071431       0.47503849154461308        8.6587021683676539        19.949186691781087     
   2.3599999999999999       -1.2718666294642857       9.75128743022318500E-002  0.39934291294642860       0.45552543244222271        9.7369709103952591        20.930910144596101     
   2.3700000000000001       -1.2452929687500001       8.67455268670881685E-002  0.36629045758928569       0.41627400253946589        7.7053813058034848        17.124580506995127     
   2.3799999999999999       -1.2369614955357142       9.06273568026121079E-002  0.35765345982142860       0.40393976613064281        8.4104374282526351        17.903507086986579     
   2.3899999999999997       -1.2265625000000000       8.47291005082384391E-002  0.32491210937499998       0.37744608485956904        7.3513169642856155        16.384393871647120     
   2.3999999999999999       -1.2106780133928572       8.41479163340914244E-002  0.31317940848214287       0.36113158770966447        7.2508127471301123        15.339496830323926     
   2.4100000000000001       -1.1938364955357144       8.44258223656140505E-002  0.28088867187500000       0.33314212711955771        7.2987847496808627        14.320957465406417     
   2.4199999999999999       -1.1846121651785715       8.08433224181382692E-002  0.27278599330357145       0.32667343414086880        6.6924982063135303        13.858846044567745     
   2.4299999999999997       -1.1761830357142857       8.10795390427641038E-002  0.26875837053571427       0.32095399846187789        6.7316650510203999        13.165246057334977     
   2.4399999999999999       -1.1588950892857144       7.86608346338450448E-002  0.22852678571428572       0.27883912627905427        6.3360275510201518        10.746224058527099     
   2.4500000000000002       -1.1502873883928570       7.72386256677906335E-002  0.23265206473214287       0.27878621463892000        6.1089846221302642        10.397389251060755     
   2.4600000000000000       -1.1411077008928572       7.94596942781391063E-002  0.23348632812500000       0.28242094934599143        6.4653752471299422        10.508830081527657     
   2.4699999999999998       -1.1357338169642857       7.85082670217617518E-002  0.22251116071428573       0.27693108463570132        6.3114731425384889        11.286112224241920     
   2.4800000000000000       -1.1272014508928572       7.36987142729001732E-002  0.23168247767857142       0.27895988063954175        5.5618564971300657        10.247344106808550     
   2.4899999999999998       -1.1169363839285715       7.54699670312524440E-002  0.19217633928571429       0.23620870145419132        5.8324131058670901        7.9654783803581690     
   2.5000000000000000       -1.1064787946428571       7.14924856608647880E-002  0.19098632812499999       0.23507132745535209        5.2338437181122117        7.6938574609375028     
   2.5099999999999998       -1.1016992187500001       7.47180751640817153E-002  0.19905552455357142       0.24275155953485783        5.7167777343747730        7.9606587290823985     
   2.5200000000000000       -1.0911467633928571       7.03006579610254423E-002  0.19264090401785713       0.23509437424721885        5.0607948899871644        7.4655120127943322     
   2.5299999999999998       -1.0846679687500000       7.12731318581131812E-002  0.18825055803571428       0.22966933024314487        5.2017759486607256        7.1707029643008386     
   2.5400000000000000       -1.0696065848214287       7.12979124953811855E-002  0.16600446428571428       0.20508910889863774        5.2053937420278089        5.9260843845412197     
   2.5499999999999998       -1.0699246651785714       7.27684604843752830E-002  0.17669224330357142       0.21574880108658176        5.4223348134564731        6.6038695095225615     
   2.5600000000000001       -1.0579408482142858       7.08473341081309743E-002  0.17506696428571428       0.21437952883556574        5.1398090242346370        6.1334193140146693     
   2.5699999999999998       -1.0497460937500001       6.92454283032988838E-002  0.16129743303571428       0.19991596005479928        4.9100076450890811        5.5695591021549689     
   2.5800000000000001       -1.0421902901785713       7.05401046517890734E-002  0.16610630580357144       0.20625471618110605        5.0953281170282025        5.9347422460535793     
   2.5899999999999999       -1.0350809151785714       6.63916803283686741E-002  0.15223911830357142       0.18870224274926728        4.5136437420280799        5.0250932739921490     
   2.6000000000000001       -1.0284626116071429       6.98974092820738996E-002  0.15074637276785716       0.18535990402953925        5.0029033721300493        4.6112793543649415     
   2.6099999999999999       -1.0214787946428572       6.79778893966052900E-002  0.14571707589285715       0.18018523444675352        4.7318972895407114        4.5398684752277330     
   2.6200000000000001       -1.0134068080357144       6.98766215518778211E-002  0.14885602678571427       0.18216710971537389        4.9999280532524608        4.3372364391844522     
   2.6299999999999999       -1.0098856026785714       6.88484322940793314E-002  0.13890345982142857       0.17394359106381999        4.8538691884568834        4.2998161634544507     
   2.6399999999999997      -0.99839285714285719       6.60254490939156946E-002  0.13744698660714286       0.16920115927054635        4.4639845663265305        3.9079340086531782     
   2.6499999999999999      -0.98928292410714280       6.72540535248916799E-002  0.13044084821428573       0.16364766686475132        4.6316623007016915        3.7736309323257591     
   2.6600000000000001      -0.98719587053571434       6.82225123532714112E-002  0.13384905133928571       0.16571510422203797        4.7660146603952853        3.6802084864285241     
   2.6699999999999999      -0.98168805803571424       6.55209995141965568E-002  0.12670340401785715       0.15729145524117777        4.3960334103954892        3.3396014262007472     
   2.6799999999999997      -0.97724051339285711       6.49224342204630239E-002  0.12858956473214286       0.16112169473448384        4.3160806042729973        3.6424950376168423     
   2.6899999999999999      -0.96593750000000000       6.58875686348637246E-002  0.12497488839285714       0.15651070334172187        4.4453598214286103        3.3822791180249983     
   2.7000000000000002      -0.96418247767857146       6.69337048266734902E-002  0.11855887276785715       0.14808006519558450        4.5876437420280354        3.0232543749704734     
   2.7100000000000000      -0.95689453125000001       6.45552901224063502E-002  0.12577985491071428       0.15548962185249979        4.2674027343749685        3.1608376294042757     
   2.7199999999999998      -0.94992745535714285       6.44636014502753818E-002  0.12129185267857143       0.15008266159123018        4.2552892538265041        3.0023958577571657     
   2.7300000000000000      -0.94514229910714287       6.51004377585911592E-002  0.12356724330357143       0.15325085858603851        4.3397806042728462        3.1658977038188225     
   2.7399999999999998      -0.94289620535714280       6.38561638195940529E-002  0.11866071428571429       0.14767791265544022        4.1754722895409486        2.8882782707060923     
   2.7500000000000000      -0.93539620535714285       6.28342690897289585E-002  0.11178710937500000       0.13962923784919623        4.0429008609694392        2.6084939985795459     
   2.7599999999999998      -0.93002232142857144       6.24293087145390280E-002  0.11363002232142858       0.14106869462797647        3.9909566326530239        2.6423995506830451     
   2.7700000000000000      -0.92461495535714289       6.39381139746578731E-002  0.10980050223214285       0.13572643454390965        4.1861963966836129        2.4007165355565743     
   2.7799999999999998      -0.91921037946428574       6.30888790891679097E-002  0.10460379464285714       0.13005645110171174        4.0757316246811115        2.2040799120907359     
   2.7900000000000000      -0.91296316964285718       6.31430642655368968E-002  0.10471121651785714       0.13073177199095515        4.0827356823979244        2.2796902937502290     
   2.7999999999999998      -0.91040457589285717       6.16252030147685301E-002  0.10714983258928572       0.13328743569514323        3.8888096221301112        2.3104729744157706     
   2.8100000000000001      -0.90070312500000005       6.31874028542413202E-002  0.10038643973214285       0.12467917794195085        4.0884714285713244        2.0234666862324335     
   2.8199999999999998      -0.89626395089285715       6.11804001424855470E-002  0.10451729910714286       0.13110222748251996        3.8328743542729171        2.2911578732224274     
   2.8300000000000001      -0.89392857142857141       6.27480667750677512E-002  0.10328962053571429       0.12903268729041822        4.0318155612245619        2.1667040540266451     
   2.8399999999999999      -0.88714006696428571       6.21678459023775054E-002  0.10449358258928572       0.12938501248771123        3.9575972496811573        2.1220624521402973     
   2.8500000000000001      -0.88178013392857146       6.20477687400452990E-002  0.10406250000000000       0.12805647939117529        3.9423238201529784        2.0234671052631574     
