   1.3999999999999999       -1.9684895833333333       4.93518217110189283E-004  0.99140625000000004       4.09839771411402154E-005  0.28426649305546903       1.68619791666405477E-002
   1.4099999999999999       -1.9651215277777778       5.36120454764255072E-004  0.99055555555555552       4.53510802469470065E-005  0.30880538194421092       1.85263987391783534E-002
   1.4199999999999999       -1.9653125000000000       4.86833285107568514E-004  0.99059895833333333       4.18588897328486809E-005  0.28041597222195946       1.69793806240287615E-002
   1.4299999999999999       -1.9660937500000000       4.63141095196739627E-004  0.99081597222222217       3.92912688079727346E-005  0.26676927083332208       1.58264131702044036E-002
   1.4399999999999999       -1.9613194444444444       5.65928819444394549E-004  0.98944444444444446       4.97733410493861328E-005  0.32597499999997126       1.99093364197544531E-002
   1.4500000000000000       -1.9589930555555555       6.50365306713140967E-004  0.98872395833333337       5.87293083285089779E-005  0.37461041666676920       2.33297114463594281E-002
   1.4600000000000000       -1.9564756944444444       6.75682086709539220E-004  0.98819444444444449       5.61824845678460250E-005  0.38919288194469459       2.21651445966296670E-002
   1.4700000000000000       -1.9573090277777778       6.18525450906570740E-004  0.98831597222222223       5.39131823880101280E-005  0.35627065972218475       2.11251653438733547E-002
   1.4800000000000000       -1.9535069444444444       7.80621865354991229E-004  0.98741319444444442       6.55186029128174141E-005  0.44963819444447495       2.54991319444478615E-002
   1.4900000000000000       -1.9548784722222223       6.90586118344604927E-004  0.98780381944444440       5.65422905816070909E-005  0.39777760416649244       2.18579593120843546E-002
   1.5000000000000000       -1.9504340277777779       8.84625470196187536E-004  0.98634548611111106       7.96072500724998022E-005  0.50954427083300402       3.05691840278399241E-002
   1.5100000000000000       -1.9498437500000001       7.81394374517407897E-004  0.98624131944444449       6.96384759596435643E-005  0.45008315972202700       2.65640808958640326E-002
   1.5200000000000000       -1.9483333333333333       8.66435185185476797E-004  0.98566840277777779       8.00087257667447815E-005  0.49906666666683464       3.03190960800296012E-002
   1.5299999999999998       -1.9447916666666667       9.27975501542999126E-004  0.98452256944444450       9.00389871478779469E-005  0.53451388888876750       3.38970304556717034E-002
   1.5400000000000000       -1.9419618055555556       8.52126434702782376E-004  0.98371527777777779       8.37179301697021927E-005  0.49082482638880265       3.13126803751613420E-002
   1.5499999999999998       -1.9414062500000000       8.45683533468477577E-004  0.98361111111111110       7.94102044753275393E-005  0.48711371527784308       2.95098566308313950E-002
   1.5599999999999998       -1.9389236111111110       1.06230589313316415E-003  0.98269097222222224       1.05490149980735914E-004  0.61188819444470255       3.89502092236563430E-002
   1.5699999999999998       -1.9375173611111112       8.98798888406382446E-004  0.98266493055555559       8.05054464456667063E-005  0.51770815972207629       2.95357561482191243E-002
   1.5799999999999998       -1.9316666666666666       1.12410300925924744E-003  0.98077256944444446       1.08851680049149024E-004  0.64748333333332653       3.96826377900695235E-002
   1.5899999999999999       -1.9325173611111111       1.07049063223385588E-003  0.98106770833333334       9.85332724489085265E-005  0.61660260416670098       3.56950722833781903E-002
   1.5999999999999999       -1.9264930555555555       1.35912302276253172E-003  0.97866319444444450       1.53404405381807329E-004  0.78285486111121827       5.52255859374506455E-002
   1.6099999999999999       -1.9242013888888889       1.37672526041665577E-003  0.97825520833333335       1.53580653814544554E-004  0.79299374999999372       5.49456252156383038E-002
   1.6199999999999999       -1.9215972222222222       1.19120852623488815E-003  0.97785590277777779       1.16946298104769753E-004  0.68613611111129558       4.15809059928070254E-002
   1.6299999999999999       -1.9223090277777777       1.19344829041301281E-003  0.97781249999999997       1.27229214892055076E-004  0.68742621527789538       4.49595262440636440E-002
   1.6399999999999999       -1.9152604166666667       1.44538453655451704E-003  0.97557291666666668       1.57079173900398494E-004  0.83254149305540182       5.51692708333106907E-002
   1.6499999999999999       -1.9107812500000001       1.35557695553556457E-003  0.97414930555555557       1.53199447820218104E-004  0.78081232638848519       5.34805345117852285E-002
   1.6599999999999999       -1.9091840277777778       1.62526493778925030E-003  0.97375868055555559       1.66458016854775792E-004  0.93615260416660817       5.77589263303318404E-002
   1.6699999999999999       -1.9072916666666666       1.54911747685249068E-003  0.97301215277777775       1.74283175998324324E-004  0.89229166666703463       6.01120415419370141E-002
   1.6799999999999999       -1.9022222222222223       1.68275462962963474E-003  0.97139756944444444       1.99123429663439211E-004  0.96926666666666972       6.82708901703220211E-002
   1.6899999999999999       -1.9030381944444446       1.64598253038139575E-003  0.97154513888888894       1.87318853684281805E-004  0.94808593749968395       6.38435856344061053E-002
   1.7000000000000000       -1.8992013888888888       1.54295789930580796E-003  0.97066840277777777       1.81233648606338171E-004  0.88874375000014538       6.14062244689710518E-002
   1.7100000000000000       -1.8929687500000001       1.87197838300479091E-003  0.96821180555555553       2.48914629147334310E-004   1.0782595486107598       8.38449277127862880E-002
   1.7200000000000000       -1.8943749999999999       1.84948398919804191E-003  0.96886284722222227       2.13173270519839697E-004   1.0653027777780721       7.13882580345509693E-002
   1.7300000000000000       -1.8875000000000000       1.65027006172868695E-003  0.96667534722222226       2.07676188150873742E-004  0.95055555555572369       6.91453666906955422E-002
   1.7400000000000000       -1.8802777777777777       1.98048804012396218E-003  0.96443576388888885       2.25859540774586698E-004   1.1407611111114022       7.47672962564149141E-002
   1.7500000000000000       -1.8793576388888888       2.21444558979566608E-003  0.96395833333333336       2.97436824845620507E-004   1.2755206597223037       9.78992063491870845E-002
   1.7599999999999998       -1.8733854166666666       2.15053258825248506E-003  0.96125000000000005       3.12372202932009735E-004   1.2387067708334314       0.10223090277774866     
   1.7700000000000000       -1.8721006944444445       2.08228172019664370E-003  0.96123263888888888       2.94207839023896689E-004   1.1993942708332668       9.57422120213358707E-002
   1.7799999999999998       -1.8670312499999999       2.27530592930236253E-003  0.95956597222222217       3.16586793499329389E-004   1.3105762152781608       0.10244606351438974     
   1.7900000000000000       -1.8555381944444445       2.27302728346812088E-003  0.95546006944444439       3.71789927541499310E-004   1.3092637152776376       0.11963742919771150     
   1.7999999999999998       -1.8647048611111110       2.18218044704920899E-003  0.95872395833333335       3.10448540581598209E-004   1.2569359375003444       9.93435329861114408E-002
   1.8100000000000001       -1.8522743055555555       2.73212016541313218E-003  0.95425347222222223       3.74461986400453917E-004   1.5737012152779641       0.11916580340699527     
   1.8199999999999998       -1.8483333333333334       2.60799575617287616E-003  0.95302951388888890       3.79704906322331226E-004   1.5022055555555767       0.12017034397893561     
   1.8299999999999998       -1.8479513888888890       2.91179470486069292E-003  0.95293402777777780       4.10903440875687309E-004   1.6771937499997591       0.12933354204611797     
   1.8399999999999999       -1.8390104166666668       3.19295880352976624E-003  0.94894097222222218       5.32624119888303049E-004   1.8391442708331454       0.16673450709546878     
   1.8499999999999999       -1.8379166666666666       2.62342785493840935E-003  0.94940104166666661       3.90079375844010201E-004   1.5110944444445238       0.12145174080332427     
   1.8599999999999999       -1.8295486111111110       3.42269362461466997E-003  0.94609374999999996       5.72426878375775772E-004   1.9714715277780499       0.17726767846475638     
   1.8699999999999999       -1.8257465277777778       3.12060878423947585E-003  0.94525173611111113       4.70057433328396890E-004   1.7974706597219381       0.14478774416960249     
   1.8799999999999999       -1.8171875000000000       3.62241391782447408E-003  0.94076388888888884       6.25800540123511162E-004   2.0865104166668971       0.19173463356975662     
   1.8899999999999999       -1.8122569444444445       3.51243127893496876E-003  0.93980902777777775       6.16895435474607012E-004   2.0231604166665420       0.18800622795416597     
   1.8999999999999999       -1.8085416666666667       3.97328800154284068E-003  0.93639756944444441       1.08050846052765159E-003   2.2886138888886762       0.32756467013890916     
   1.9099999999999999       -1.8002951388888888       3.80997751495026904E-003  0.93371527777777774       7.92786699459924193E-004   2.1945470486113545       0.23908122454917086     
   1.9199999999999999       -1.7964062500000000       3.76768391927084778E-003  0.93417534722222217       6.73535080898068905E-004   2.1701859375000083       0.20206052426942067     
   1.9299999999999999       -1.7900347222222222       4.20740620177495472E-003  0.93078125000000000       7.98017638406700591E-004   2.4234659722223739       0.23816484959702569     
   1.9399999999999999       -1.7898958333333332       3.50935450424394446E-003  0.93166666666666664       7.31669560185332912E-004   2.0213881944445120       0.21723797250863494     
   1.9500000000000000       -1.7787500000000001       4.46013695987623748E-003  0.92526041666666670       1.07632107204858052E-003   2.5690388888887128       0.31792868589742684     
   1.9600000000000000       -1.7747569444444444       4.57589578510830819E-003  0.92394097222222227       9.53426106770849380E-004   2.6357159722223855       0.28019052933673944     
   1.9700000000000000       -1.7638194444444444       5.27174479166703236E-003  0.91915798611111110       1.39356305157700699E-003   3.0365250000002106       0.40745802929358177     
   1.9800000000000000       -1.7602430555555555       5.05832248263882178E-003  0.91691840277777781       1.28788391866796470E-003   2.9135937499999613       0.37465713997613520     
   1.9899999999999998       -1.7526215277777777       4.99614167390083352E-003  0.91423611111111114       1.25837914737647605E-003   2.8777776041668801       0.36423436627580413     
   2.0000000000000000       -1.7449305555555557       4.87399209104877329E-003  0.91078993055555557       1.34220611195501327E-003   2.8074194444440934       0.38655536024304382     
   2.0099999999999998       -1.7342013888888890       5.02625265239187158E-003  0.90658854166666669       1.38765906816640250E-003   2.8951215277777180       0.39765752401186466     
   2.0200000000000000       -1.7285590277777778       5.40460280430155038E-003  0.90320312500000000       1.54577177071280047E-003   3.1130512152776930       0.44077452471810546     
   2.0299999999999998       -1.7219965277777778       5.38683660059824376E-003  0.89959201388888888       1.61266268506465860E-003   3.1028178819445884       0.45758310669814944     
   2.0400000000000000       -1.7122048611111111       5.87199526186354959E-003  0.89710937499999999       1.53564385308169182E-003   3.3822692708334046       0.43359355851718356     
   2.0499999999999998       -1.7085763888888890       6.83804856288583451E-003  0.89451388888888894       2.01311246141966382E-003   3.9387159722222407       0.56563550135498852     
   2.0600000000000001       -1.6993750000000001       6.16444347993816422E-003  0.88909722222222221       2.08805217978391688E-003   3.5507194444443826       0.58384371628909526     
   2.0699999999999998       -1.6980208333333333       6.17331090856465536E-003  0.88792534722222227       2.05241480697815337E-003   3.5558270833332415       0.57110672889826886     
   2.0800000000000001       -1.6788194444444444       6.99833622685197554E-003  0.87958333333333338       2.41358748070974460E-003   4.0310416666667379       0.66837807158116003     
   2.0899999999999999       -1.6734548611111111       6.64216790846872129E-003  0.87696180555555558       2.25954589843746501E-003   3.8258887152779835       0.62272652511960758     
   2.1000000000000001       -1.6625868055555555       8.16586341387015580E-003  0.86604166666666671       4.00376880787023381E-003   4.7035373263892097        1.0981765873015499     
   2.1099999999999999       -1.6489930555555556       7.94502194251478500E-003  0.86495659722222218       2.98787065670824692E-003   4.5763326388885162       0.81564620770803331     
   2.1200000000000001       -1.6453819444444444       6.31755280671297825E-003  0.86403645833333331       2.35005176685476602E-003   3.6389104166666755       0.63850463099450239     
   2.1299999999999999       -1.6290277777777777       8.82757523148169909E-003  0.84591145833333337       7.50632949640706038E-003   5.0846833333334587        2.0298806525495148     
   2.1399999999999997       -1.6267013888888888       9.50761839313285506E-003  0.84868055555555555       3.95795476466043183E-003   5.4763881944445245        1.0653186656282285     
   2.1499999999999999       -1.6140798611111111       9.13940700954851692E-003  0.84164930555555550       4.59815025800547339E-003   5.2642984374999457        1.2318765342377456     
   2.1600000000000001       -1.6046701388888889       8.72551329812898402E-003  0.83504340277777778       5.17348986967103297E-003   5.0258956597222948        1.3795972985789420     
   2.1699999999999999       -1.5902083333333332       8.80617766203739549E-003  0.82887152777777773       4.78453866464134681E-003   5.0723583333335398        1.2699973598310672     
   2.1799999999999997       -1.5580381944444444       1.31734516661849987E-002  0.77923611111111113       0.59811070571711034        7.5879081597225593        6.3845361875637145     
   2.1899999999999999       -1.5618402777777778       1.03573965567131943E-002  0.80304687500000005       7.89901010018800864E-003   5.9658604166667999        2.0775478619672572     
   2.2000000000000002       -1.5496875000000001       1.00379038869595760E-002  0.79902777777777778       7.23796296296297381E-003   5.7818326388887158        1.8950303030303057     
   2.2100000000000000       -1.5171006944444445       1.56017840350113346E-002  0.73779513888888892       0.36265153477044754        8.9866276041665287        9.3296561557315325     
   2.2199999999999998       -1.5296354166666666       1.08418182749807634E-002  0.77095486111111111       2.12199122299382426E-002   6.2448873263889197        4.5417879598348474     
   2.2300000000000000       -1.5065798611111112       1.24722580897951296E-002  0.75513020833333333       1.66445372028115601E-002   7.1840206597219947        4.2992167842239724     
   2.2399999999999998       -1.4753472222222221       1.72421151620376634E-002  0.69794270833333338       0.25005466270917720        9.9314583333336941        9.2899071296812750     
   2.2500000000000000       -1.4385243055555557       1.56108094015237064E-002  0.66117187499999996       0.29668199560848285        8.9918262152776549        10.710411091821001     
   2.2599999999999998       -1.4515625000000001       1.30760211709102236E-002  0.69184027777777779       0.12033667775848772        7.5317881944442888        6.4310856071779856     
   2.2700000000000000       -1.4451736111111111       1.57235713252315001E-002  0.68949652777777781       3.31325544945987871E-002   9.0567770833333441        7.9762737854870203     
   2.2799999999999998       -1.4184548611111112       1.43244209948880652E-002  0.64827256944444445       0.45703274129231775        8.2508664930555256        10.046902393244395     
   2.2900000000000000       -1.4381597222222222       1.17590651523920009E-002  0.69289062499999998       0.39002640147268036        6.7732215277777925        5.5767444315562908     
   2.2999999999999998       -1.3819444444444444       1.64298804012346089E-002  0.61362847222222228       0.40221721131124616        9.4636111111111347        9.9982469051932235     
   2.3100000000000001       -1.3757291666666667       1.47238606770832003E-002  0.58230034722222224       0.36781538681218656        8.4809437499999234        12.271551809012747     
   2.3199999999999998       -1.3501736111111111       1.84056411554784916E-002  0.55085069444444446       0.36106331952883874        10.601649305555611        15.214122291068016     
   2.3300000000000001       -1.3341493055555556       1.70181661723571853E-002  0.55695312500000005       0.29192514218930848        9.8024637152777387        11.182553927485682     
   2.3399999999999999       -1.2807465277777779       1.46385389539929189E-002  0.42960069444444443       0.24215954107590662        8.4317984374999213        14.199131573480534     
   2.3500000000000001       -1.3273611111111112       1.39694444444440347E-002  0.55965277777777778       0.32030423659336421        8.0463999999997640        10.190403664302613     
   2.3599999999999999       -1.2899652777777777       1.45623541184416450E-002  0.50756076388888893       0.14682596925335167        8.3879159722223875        10.894453253737046     
   2.3700000000000001       -1.2640277777777778       1.53891589506172100E-002  0.44289930555555557       0.24627712643470293        8.8641555555555129        12.246665421354894     
   2.3799999999999999       -1.2660243055555556       1.72648024570793979E-002  0.45704861111111111       0.20000610020013504        9.9445262152777332        13.251628443043881     
   2.3899999999999997       -1.2381423611111111       1.32061122564621769E-002  0.41505208333333332       0.18423188416280861        7.6067206597222130        11.621742140283592     
   2.3999999999999999       -1.2447569444444444       1.34931990258486678E-002  0.45033854166666665       0.21379056283456307        7.7720826388888327        11.139050907841435     
   2.4100000000000001       -1.1947569444444444       1.23950122974538779E-002  0.35729166666666667       0.16979127604166666        7.1395270833334346        10.398858921161821     
   2.4199999999999999       -1.2206250000000001       1.13041136188269942E-002  0.39489583333333333       0.20198205264998070        6.5111694444443478        11.282073863636365     
   2.4299999999999997       -1.1951388888888890       1.33641975308640415E-002  0.36748263888888888       0.15820830922067902        7.6977777777776888        10.178420138888891     
   2.4399999999999999       -1.1679513888888888       1.16384922357253284E-002  0.31704861111111110       0.14163563850308644        6.7037715277777883        9.9145716643898041     
   2.4500000000000002       -1.1683854166666667       1.14542941623261285E-002  0.33154513888888887       0.14742036313657408        6.5976734374998509        8.8165526502267593     
   2.4600000000000000       -1.1441145833333333       1.01825927734375821E-002  0.30212673611111113       0.12780109705041956        5.8651734375000473        8.6823547418416833     
   2.4699999999999998       -1.1507291666666666       1.24704849054786404E-002  0.32511284722222222       0.13549656387140721        7.1829993055556969        8.7092539466655428     
   2.4800000000000000       -1.1196180555555555       9.99128930362669365E-003  0.25976562500000000       9.51405218430507321E-002   5.7549826388889755        6.5192437941028212     
   2.4900000000000002       -1.1290277777777777       1.06056423611111672E-002  0.29409722222222223       0.11845914592978395        6.1088500000000323        7.4682201026327508     
   2.5000000000000000       -1.1017534722222222       1.07900146484376513E-002  0.27003472222222225       9.31990873360339506E-002   6.2150484375000872        7.3541030555555533     
   2.5099999999999998       -1.0962326388888890       8.88561891155448258E-003  0.23252604166666666       8.15878634229118410E-002   5.1181164930553820        6.3361178722609584     
   2.5200000000000000       -1.1027256944444443       1.00754457826970345E-002  0.27282118055555554       0.10311530603479456        5.8034567708334919        7.2713011016038358     
   2.5300000000000002       -1.0814756944444444       9.22144790461043584E-003  0.23280381944444445       7.45983216839072039E-002   5.3115539930556110        5.6928668306708365     
   2.5400000000000000       -1.0855555555555556       9.62324459876540139E-003  0.23849826388888890       7.99768451455198787E-002   5.5429888888888712        5.5558422018536753     
   2.5499999999999998       -1.0607986111111112       8.46715735918213142E-003  0.21638020833333332       6.68268632300106219E-002   4.8770826388889077        5.1328749829793043     
   2.5599999999999996       -1.0676215277777779       8.57077516155446695E-003  0.23409722222222223       8.08711296175732980E-002   4.9367664930553730        5.9037098524305556     
   2.5699999999999998       -1.0540451388888890       9.61444800106070474E-003  0.21080729166666667       6.61241282521942420E-002   5.5379220486109659        4.8934415362894494     
   2.5800000000000001       -1.0532291666666667       1.01221438560956667E-002  0.23965277777777777       8.60159478081597290E-002   5.8303548611111040        6.3832218992248091     
   2.5899999999999999       -1.0384374999999999       9.16443745177497604E-003  0.21859375000000000       7.16402244285300888E-002   5.2787159722223862        5.3128163207850703     
   2.5999999999999996       -1.0255208333333334       7.84164617091032135E-003  0.18245659722222221       5.03202852979118473E-002   4.5167881944443451        4.3134288027510701     
   2.6099999999999999       -1.0261805555555557       8.08941454475275989E-003  0.20288194444444443       6.13371684510030865E-002   4.6595027777775897        4.4754951575138362     
   2.6200000000000001       -1.0232986111111111       8.11530550733019496E-003  0.21193576388888888       6.57923441569010364E-002   4.6744159722221923        4.6365858082856235     
   2.6299999999999999       -1.0126388888888889       7.45961612654322259E-003  0.21384548611111112       6.58959592466001193E-002   4.2967388888888971        4.8771977813424154     
   2.6399999999999997       -1.0083159722222221       8.21100953655484744E-003  0.20288194444444443       6.00672441647376529E-002   4.7295414930555921        4.1724934238215496     
   2.6499999999999999      -0.99467013888888889       9.07062325183249918E-003  0.18173611111111110       5.09319010416666648E-002   5.2246789930555195        3.8965524109014691     
   2.6600000000000001      -0.98352430555555559       7.00177197868434575E-003  0.16314236111111111       4.05530828028549395E-002   4.0330206597221840        3.1855805529448622     
   2.6699999999999999      -0.97628472222222218       7.32338806905863393E-003  0.17265625000000001       4.49160370249807109E-002   4.2182715277777731        3.2941099016853927     
   2.6799999999999997      -0.97486111111111107       7.74308449074090355E-003  0.16759548611111111       4.49165158872251169E-002   4.4600166666667604        3.7943639711598256     
   2.6899999999999999      -0.96942708333333338       8.08355004581395864E-003  0.17432291666666666       4.53681230709876565E-002   4.6561248263888402        3.4366170358323012     
   2.7000000000000002      -0.96324652777777775       7.74941858362265812E-003  0.15830729166666666       3.80815302342544376E-002   4.4636651041666502        2.8232033018261320     
   2.7100000000000000      -0.95376736111111116       8.18312084056704858E-003  0.15756944444444446       3.90988606770833330E-002   4.7134776041666200        3.0900358753587525     
   2.7199999999999998      -0.95142361111111107       7.92848066165130483E-003  0.16357638888888890       4.18296606746720659E-002   4.5668048611111516        3.2500201695261444     
   2.7300000000000000      -0.94673611111111111       7.33922164351852313E-003  0.15055555555555555       3.46468086902006200E-002   4.2273916666666684        2.7118320105820111     
   2.7400000000000002      -0.94399305555555557       7.16366584683636454E-003  0.15571180555555555       3.65011405285493862E-002   4.1262715277777451        2.6094408328264396     
   2.7500000000000000      -0.93175347222222227       6.82907714843739022E-003  0.15097222222222223       3.53371141975308695E-002   3.9335484374999368        2.6349737373737381     
   2.7599999999999998      -0.93111111111111111       7.25808256172844057E-003  0.16481770833333334       3.86830330554349885E-002   4.1806555555555818        2.5952192626559980     
   2.7700000000000000      -0.91940972222222217       8.19921754436736538E-003  0.13951388888888888       2.95703483675733014E-002   4.7227493055556025        2.1037971319695150     
   2.7800000000000002      -0.91822916666666665       6.48530936535496316E-003  0.15097222222222223       3.31949239848572525E-002   3.7355381944444588        2.2447781774580333     
   2.7900000000000000      -0.90789930555555554       7.13414321711036692E-003  0.14953993055555556       3.47545765064380743E-002   4.1092664930555705        2.5690161881471516     
   2.7999999999999998      -0.91081597222222221       6.72466694396212095E-003  0.14828993055555556       3.35211702323254257E-002   3.8734081597221821        2.3877404358878964     
   2.8099999999999996      -0.90352430555555552       7.83593478732647064E-003  0.14474826388888890       3.19488901397328370E-002   4.5134984375000471        2.2712160037317126     
   2.8199999999999998      -0.90065972222222224       7.34095172646609395E-003  0.14776041666666667       3.36291956018518468E-002   4.2283881944444701        2.4785805136918824     
   2.8300000000000001      -0.89187499999999997       6.19985050154325812E-003  0.13294270833333333       2.66861339427806703E-002   3.5711138888889167        2.0176061144238324     
   2.8399999999999999      -0.88807291666666666       6.80525143470300797E-003  0.12682291666666667       2.57957775728202172E-002   3.9198248263889330        1.9995705570226914     
   2.8499999999999996      -0.88232638888888892       6.00776306905859148E-003  0.12373263888888889       2.38209994092399707E-002   3.4604715277777487        1.7221168981481485     
   2.8599999999999999      -0.87932291666666662       6.23553210599925301E-003  0.13090277777777778       2.46622947410300927E-002   3.5916664930555702        1.5747741841491842     
   2.8700000000000001      -0.86826388888888884       6.28226755401239956E-003  0.11987847222222223       2.15921175733024689E-002   3.6185861111111421        1.4505404931281449     
   2.8799999999999999      -0.86718750000000000       6.48796175733024061E-003  0.13652777777777778       2.70787516276041647E-002   3.7370659722222186        1.7676446759259259     
   2.8899999999999997      -0.86663194444444447       6.75265118634260642E-003  0.12118923611111111       2.33356263714072157E-002   3.8895270833333417        1.8041209961312958     
   2.8999999999999999      -0.85803819444444440       7.02192774643140005E-003  0.12551215277777777       2.52945866337528948E-002   4.0446303819444864        1.9065032177921459     
   2.9100000000000001      -0.85385416666666669       6.25617163387348629E-003  0.12058159722222223       2.24311824092158565E-002   3.6035548611111281        1.5725306504152345     
   2.9199999999999999      -0.85267361111111106       5.93768205054023834E-003  0.12439236111111111       2.35780635127314821E-002   3.4201048611111773        1.6332390957952818     
   2.9299999999999997      -0.84163194444444445       6.60238112461419835E-003  0.12759548611111110       2.46794517234519666E-002   3.8029715277777782        1.6511038674393255     
   2.9399999999999999      -0.83567708333333335       5.99699043933255016E-003  0.11828993055555556       2.23636633602189439E-002   3.4542664930555489        1.6449781362197657     
   2.9500000000000002      -0.83920138888888884       5.79262996720686374E-003  0.11917534722222223       2.16298073851032037E-002   3.3365548611111535        1.4533980549670431     
   2.9600000000000000      -0.83940972222222221       6.87617549189811772E-003  0.12141493055555555       2.31223107608748077E-002   3.9606770833333154        1.6568985636026659     
   2.9699999999999998      -0.82895833333333335       5.83951099537038942E-003  0.12263020833333334       2.26840228798948704E-002   3.3635583333333443        1.4848875181210250     
   2.9800000000000000      -0.82119791666666664       6.48286765769690021E-003  0.11465277777777778       1.98450761959876529E-002   3.7341317708334145        1.3009638329604767     
   2.9900000000000002      -0.82555555555555560       6.17383294753082179E-003  0.12355902777777777       2.47982467086226843E-002   3.5561277777777534        1.8362313614827201     
   3.0000000000000000      -0.81673611111111111       5.67360628858015748E-003  0.10316840277777778       1.71398081084828333E-002   3.2679972222221707        1.2478931568287039     
   3.0099999999999998      -0.81427083333333339       5.76557556905854529E-003  0.11021701388888890       1.85262326841001169E-002   3.3209715277777221        1.2288118165143964     
   3.0200000000000000      -0.80638888888888893       5.40439814814808184E-003  0.11286458333333334       1.94223017939814807E-002   3.1129333333332951        1.3205481397167032     
   3.0300000000000002      -0.80796875000000001       6.93994713300538635E-003  0.10230902777777778       1.69024836033950625E-002   3.9974095486111025        1.2255541231206450     
   3.0400000000000000      -0.80355902777777777       6.45470889998067676E-003  0.10725694444444445       1.84837058738425916E-002   3.7179123263888698        1.3294565515350876     
   3.0499999999999998      -0.80203124999999997       6.71922954041281884E-003  0.10689236111111111       1.83686149691358012E-002   3.8702762152777836        1.3111424749544625     
   3.0600000000000001      -0.78585069444444444       5.58333785445608299E-003  0.10071180555555556       1.56711504147376557E-002   3.2160026041667038        1.0487245256899056     
   3.0699999999999998      -0.78605902777777781       5.91316761911642175E-003  0.10823784722222222       1.75740950972945592E-002   3.4059845486110589        1.1524786096407891     
   3.0800000000000001      -0.78647569444444443       6.28273262683265443E-003  0.10381944444444445       1.64367959104938267E-002   3.6188539930556094        1.0638077200577194     
   3.0899999999999999      -0.77852430555555552       6.00698995707960037E-003  0.10337673611111112       1.59514786331741883E-002   3.4600262152778498       0.99941734931229753     
   3.0999999999999996      -0.77173611111111107       5.85904224537037166E-003  9.72309027777777807E-002  1.54453449767312876E-002   3.3748083333333341        1.1535786150313618     
   3.1099999999999999      -0.77541666666666664       5.54612268518528406E-003  0.10312499999999999       1.60185185185185187E-002   3.1945666666667236        1.0035727045373348     
   3.1200000000000001      -0.77465277777777775       5.55109471450621061E-003  0.10238715277777778       1.65579016414689403E-002   3.1974305555555773        1.1831371166087961     
   3.1299999999999999      -0.76826388888888886       6.54721739969144068E-003  0.10489583333333333       1.71778763382523132E-002   3.7711972222222698        1.1441935126020590     
   3.1399999999999997      -0.76413194444444443       6.15566044560189596E-003  9.85069444444444386E-002  1.48408456307870373E-002   3.5456604166666925       0.94471669320594509     
   3.1499999999999999      -0.75998263888888884       6.03352111062893659E-003  9.47222222222222215E-002  1.45136932749807112E-002   3.4753081597222675        1.0144104938271608     
   3.1600000000000001      -0.75251736111111112       5.84423677420908838E-003  0.10029513888888889       1.50908311631944448E-002   3.3662803819444349       0.95575504351265828     
   3.1699999999999999      -0.75425347222222228       6.36537151572136306E-003  0.10232638888888888       1.58227162302276222E-002   3.6664539930555051       0.97693020504731853     
   3.1799999999999997      -0.75482638888888887       6.19415388695987446E-003  0.10264756944444445       1.63003784933207982E-002   3.5678326388888877        1.0522167491046475     
   3.1899999999999999      -0.75307291666666665       5.77602689766587574E-003  9.75347222222222171E-002  1.47594955632716057E-002   3.3269914930555444       0.96414990421455971     
   3.2000000000000002      -0.74840277777777775       4.78670428240746126E-003  9.80208333333333348E-002  1.48229453004436740E-002   2.7571416666666977       0.95599414062499988     
   3.2100000000000000      -0.73986111111111108       6.25064621913584695E-003  9.02777777777777762E-002  1.24514383198302478E-002   3.6003722222222478       0.77194747317410883     
   3.2199999999999998      -0.74045138888888884       5.67198953510816839E-003  9.10069444444444459E-002  1.29889033564814828E-002   3.2670659722223050       0.84305102657004827     
   3.2300000000000000      -0.73717013888888894       5.32813675491894401E-003  0.10184027777777778       1.60042317708333354E-002   3.0690067708333117        1.0106985294117647     
   3.2400000000000002      -0.73881944444444447       5.08622202932096368E-003  9.69270833333333304E-002  1.47705798490547838E-002   2.9296638888888751       0.95644241898148186     
   3.2500000000000000      -0.72756944444444449       5.83560474537025975E-003  9.11111111111111149E-002  1.25586537302276244E-002   3.3613083333332696       0.75785769230769229     
   3.2599999999999998      -0.73168402777777775       6.16903422791281741E-003  9.58072916666666691E-002  1.40323271574797469E-002   3.5533637152777828       0.85824907070126122     
   3.2700000000000000      -0.72692708333333333       5.49279001494984431E-003  0.10388888888888889       1.57069561993634227E-002   3.1638470486111103       0.86632178049609210     
   3.2800000000000002      -0.71928819444444447       5.75974121093747460E-003  9.09895833333333320E-002  1.35461368513696001E-002   3.3176109374999854       0.92495125127032540     
   3.2900000000000000      -0.71508680555555559       5.98870292004238802E-003  9.07118055555555525E-002  1.34757113233024695E-002   3.4494928819444155       0.91888165949003731     
   3.2999999999999998      -0.70862847222222225       5.05549256124604440E-003  8.87413194444444386E-002  1.19774214379581405E-002   2.9119637152777216       0.71700693129208759     
   3.3100000000000001      -0.70909722222222227       6.33983892746903255E-003  9.08680555555555491E-002  1.30634825906635818E-002   3.6517472222221627       0.83830794729775127     
   3.3199999999999998      -0.70774305555555550       6.07652271412040257E-003  9.80642361111111055E-002  1.49678939254195599E-002   3.5000770833333519       0.93060511577560245     
   3.3300000000000001      -0.70496527777777773       5.52226924189819224E-003  8.90277777777777751E-002  1.25324046947337970E-002   3.1808270833333587       0.81664039039039049     
   3.3399999999999999      -0.70385416666666667       5.19719208140434485E-003  8.55729166666666652E-002  1.17780972704475302E-002   2.9935826388889026       0.77214108241849644     
   3.3499999999999996      -0.70699652777777777       6.02649709442515391E-003  9.01996527777777779E-002  1.28824850953655479E-002   3.4712623263888887       0.81968696880182423     
   3.3599999999999999      -0.69420138888888894       5.73248336226844790E-003  8.76822916666666619E-002  1.21168028278115358E-002   3.3019104166666260       0.75930833281663390     
   3.3700000000000001      -0.68647569444444445       5.81287344473380152E-003  9.01909722222222210E-002  1.24059000651041661E-002   3.3482151041666697       0.73327640743488276     
   3.3799999999999999      -0.69046874999999996       4.88014775028938752E-003  8.89062500000000061E-002  1.25603009259259261E-002   2.8109651041666872       0.79360612878040748     
   3.3899999999999997      -0.68677083333333333       5.49425998263891602E-003  8.19097222222222171E-002  1.02655644169560179E-002   3.1646937500000156       0.60434468207145209     
   3.3999999999999999      -0.68092013888888892       5.29271526572139273E-003  8.45659722222222160E-002  1.13007571373456798E-002   3.0486039930555222       0.70303099468954289     
